1	18
1	22
1	5
1	7
1	12
1	6
1	11
1	13
1	4
1	20
1	14
1	9
1	3
1	32
1	8
1	2
2	22
2	18
2	1
2	4
2	20
2	14
2	31
2	3
2	8
3	8
3	2
3	1
3	4
3	14
3	10
3	9
3	33
3	29
3	28
4	13
4	1
4	2
4	8
4	3
4	14
5	1
5	11
5	7
6	1
6	7
6	17
6	11
7	5
7	1
7	17
7	6
8	3
8	4
8	1
8	2
9	3
9	1
9	31
9	34
9	33
10	3
10	34
11	1	
11	5
11	6
12	1
13	1
13	4
14	1	
14	4
14	34
14	3
14	2
15	33
15	34
16	33
16	34
17	6
17	7
18	1
18	2
19	33
19	34
20	1
20	2
20	34
21	33
21	34
22	1
22	2
23	33
23	34
24	26
24	28
24	33
24	34
24	30
25	26
25	28
25	32
26	24
26	25
26	32
27	30
27	34
28	25
28	3
28	34
28	24
29	3
29	32
29	34
30	27
30	34
30	33
30	24
31	2
31	9
31	33
31	34
32	1
32	29
32	34
32	33
32	25
32	26
33	32
33	3
33	9
33	31
33	23
33	34
33	15
33	16
33	30
33	21
33	19
33	24
34	14
34	31
34	20
34	10
34	23
34	15
34	17
34	16
34	30
34	21
34	19
34	24
34	28
34	33
34	32
34	29
34	9